%YAML:1.0

Camera_Matrix:
 [600,  0.0, 320,
  0.0, 600,  240,
  0.0, 0.0, 1.0]

Distortion_Coefficients: [0., 0., 0., 0.]
